1 1 1
1 3 2
1 5 3
1 7 4
1 9 5
1 11 6
1 13 7
1 15 8
1 17 9
1 19 10
2 2 2
2 4 3
2 6 4
2 8 5
2 10 6
2 12 7
2 14 8
2 16 9
2 18 10
3 1 2
3 3 3
3 5 4
3 7 5
3 9 6
3 11 7
3 13 8
3 15 9
3 17 10
3 19 11
4 2 3
4 4 4
4 6 5
4 8 6
4 10 7
4 12 8
4 14 9
4 16 10
4 18 11
5 1 3
5 3 4
5 5 5
5 7 6
5 9 7
5 11 8
5 13 9
5 15 10
5 17 11
5 19 12
6 2 4
6 4 5
6 6 6
6 8 7
6 10 8
6 12 9
6 14 10
6 16 11
6 18 12
7 1 4
7 3 5
7 5 6
7 7 7
7 9 8
7 11 9
7 13 10
7 15 11
7 17 12
7 19 13
8 2 5
8 4 6
8 6 7
8 8 8
8 10 9
8 12 10
8 14 11
8 16 12
8 18 13
9 1 5
9 3 6
9 5 7
9 7 8
9 9 9
9 11 10
9 13 11
9 15 12
9 17 13
9 19 14
10 2 6
10 4 7
10 6 8
10 8 9
10 10 10
10 12 11
10 14 12
10 16 13
10 18 14
11 1 6
11 3 7
11 5 8
11 7 9
11 9 10
11 11 11
11 13 12
11 15 13
11 17 14
11 19 15
12 2 7
12 4 8
12 6 9
12 8 10
12 10 11
12 12 12
12 14 13
12 16 14
12 18 15
13 1 7
13 3 8
13 5 9
13 7 10
13 9 11
13 11 12
13 13 13
13 15 14
13 17 15
13 19 16
14 2 8
14 4 9
14 6 10
14 8 11
14 10 12
14 12 13
14 14 14
14 16 15
14 18 16
15 1 8
15 3 9
15 5 10
15 7 11
15 9 12
15 11 13
15 13 14
15 15 15
15 17 16
15 19 17
16 2 9
16 4 10
16 6 11
16 8 12
16 10 13
16 12 14
16 14 15
16 16 16
16 18 17
17 1 9
17 3 10
17 5 11
17 7 12
17 9 13
17 11 14
17 13 15
17 15 16
17 17 17
17 19 18
18 2 10
18 4 11
18 6 12
18 8 13
18 10 14
18 12 15
18 14 16
18 16 17
18 18 18
19 1 10
19 3 11
19 5 12
19 7 13
19 9 14
19 11 15
19 13 16
19 15 17
19 17 18
19 19 19
181
